255 255 255 255 255 255 255 255 255 255 255 255 255 255 255 255
255 214 152 152 152 152 152 152 152 152 152 152 152 152 214 255
255 152   0   0   0   0   0   0   0   0   0   0   0   0 152 255
255 152   0   0   0   0   0   0   0   0   0   0   0   0 152 255
255 152   0   0   1   3   3   3   3   3   3   1   0   0 152 255
255 152   0   0   3   0   0   0   0   0   0   3   0   0 152 255
255 152   0   0   3   0   0  78  79   0   0   3   0   0 152 255
255 152   0   0   3   0  78 196 134   0   0   3   0   0 152 255
255 152   0   0   3   0  78 196 191  72   0   3   0   0 152 255
255 152   0   0   3   0   0  78 151  89   0   3   0   0 152 255
255 152   0   0   3   0   0   0   0   0   0   3   0   0 152 255
255 152   0   0   1   3   3   3   3   3   3   1   0   0 152 255
255 152   0   0   0   0   0   0   0   0   0   0   0   0 152 255
255 152   0   0   0   0   0   0   0   0   0   0   0   0 152 255
255 214 152 152 152 152 152 152 152 152 152 152 152 152 214 255
255 255 255 255 255 255 255 255 255 255 255 255 255 255 255 255
255 255 255 255 255 255 255 255 255 255 255 255 255 255 255 255
255 214 152 152 152 152 152 152 152 152 152 152 152 152 214 255
255 152   0   0   0   0   0   0   0   0   0   0   0   0 152 255
255 152   0   0   0   0   0   0   0   0   0   0   0   0 152 255
255 152   0   0   1   3   3   3   3   3   3   1   0   0 152 255
255 152   0   0   3   0   0   0   0   0   0   3   0   0 152 255
255 152   0   0   3   0   0  78  79   0   0   3   0   0 152 255
255 152   0   0   3   0  78 196 134   0   0   3   0   0 152 255
255 152   0   0   3   0  78 196 191  72   0   3   0   0 152 255
255 152   0   0   3   0   0  78 151  89   0   3   0   0 152 255
255 152   0   0   3   0   0   0   0   0   0   3   0   0 152 255
255 152   0   0   1   3   3   3   3   3   3   1   0   0 152 255
255 152   0   0   0   0   0   0   0   0   0   0   0   0 152 255
255 152   0   0   0   0   0   0   0   0   0   0   0   0 152 255
255 214 152 152 152 152 152 152 152 152 152 152 152 152 214 255
255 255 255 255 255 255 255 255 255 255 255 255 255 255 255 255
255 255 255 255 255 255 255 255 255 255 255 255 255 255 255 255
255 214 152 152 152 152 152 152 152 152 152 152 152 152 214 255
255 152   0   0   0   0   0   0   0   0   0   0   0   0 152 255
255 152   0   0   0   0   0   0   0   0   0   0   0   0 152 255
255 152   0   0   1   3   3   3   3   3   3   1   0   0 152 255
255 152   0   0   3   0   0   0   0   0   0   3   0   0 152 255
255 152   0   0   3   0   0  78  79   0   0   3   0   0 152 255
255 152   0   0   3   0  78 196 134   0   0   3   0   0 152 255
255 152   0   0   3   0  78 196 191  72   0   3   0   0 152 255
255 152   0   0   3   0   0  78 151  89   0   3   0   0 152 255
255 152   0   0   3   0   0   0   0   0   0   3   0   0 152 255
255 152   0   0   1   3   3   3   3   3   3   1   0   0 152 255
255 152   0   0   0   0   0   0   0   0   0   0   0   0 152 255
255 152   0   0   0   0   0   0   0   0   0   0   0   0 152 255
255 214 152 152 152 152 152 152 152 152 152 152 152 152 214 255
255 255 255 255 255 255 255 255 255 255 255 255 255 255 255 255

255 255 255 255 255 255 255 255 255 255 255 255 255 255 255 255
255 214 152 152 152 152 152 152 152 152 152 152 152 152 214 255
255 152   0   0   0   0   0   0   0   0   0   0   0   0 152 255
255 152   0   0   0   0   0   0   0   0   0   0   0   0 152 255
255 152   0   0   1   3   3   3   3   3   3   1   0   0 152 255
255 152   0   0   3   0   0   0   0   0   0   3   0   0 152 255
255 152   0   0   3   0   0   0  72  89   0   3   0   0 152 255
255 152   0   0   3   0  79 134 191 151   0   3   0   0 152 255
255 152   0   0   3   0  78 196 196  78   0   3   0   0 152 255
255 152   0   0   3   0   0  78  78   0   0   3   0   0 152 255
255 152   0   0   3   0   0   0   0   0   0   3   0   0 152 255
255 152   0   0   1   3   3   3   3   3   3   1   0   0 152 255
255 152   0   0   0   0   0   0   0   0   0   0   0   0 152 255
255 152   0   0   0   0   0   0   0   0   0   0   0   0 152 255
255 214 152 152 152 152 152 152 152 152 152 152 152 152 214 255
255 255 255 255 255 255 255 255 255 255 255 255 255 255 255 255
255 255 255 255 255 255 255 255 255 255 255 255 255 255 255 255
255 214 152 152 152 152 152 152 152 152 152 152 152 152 214 255
255 152   0   0   0   0   0   0   0   0   0   0   0   0 152 255
255 152   0   0   0   0   0   0   0   0   0   0   0   0 152 255
255 152   0   0   1   3   3   3   3   3   3   1   0   0 152 255
255 152   0   0   3   0   0   0   0   0   0   3   0   0 152 255
255 152   0   0   3   0   0   0  72  89   0   3   0   0 152 255
255 152   0   0   3   0  79 134 191 151   0   3   0   0 152 255
255 152   0   0   3   0  78 196 196  78   0   3   0   0 152 255
255 152   0   0   3   0   0  78  78   0   0   3   0   0 152 255
255 152   0   0   3   0   0   0   0   0   0   3   0   0 152 255
255 152   0   0   1   3   3   3   3   3   3   1   0   0 152 255
255 152   0   0   0   0   0   0   0   0   0   0   0   0 152 255
255 152   0   0   0   0   0   0   0   0   0   0   0   0 152 255
255 214 152 152 152 152 152 152 152 152 152 152 152 152 214 255
255 255 255 255 255 255 255 255 255 255 255 255 255 255 255 255
255 255 255 255 255 255 255 255 255 255 255 255 255 255 255 255
255 214 152 152 152 152 152 152 152 152 152 152 152 152 214 255
255 152   0   0   0   0   0   0   0   0   0   0   0   0 152 255
255 152   0   0   0   0   0   0   0   0   0   0   0   0 152 255
255 152   0   0   1   3   3   3   3   3   3   1   0   0 152 255
255 152   0   0   3   0   0   0   0   0   0   3   0   0 152 255
255 152   0   0   3   0   0   0  72  89   0   3   0   0 152 255
255 152   0   0   3   0  79 134 191 151   0   3   0   0 152 255
255 152   0   0   3   0  78 196 196  78   0   3   0   0 152 255
255 152   0   0   3   0   0  78  78   0   0   3   0   0 152 255
255 152   0   0   3   0   0   0   0   0   0   3   0   0 152 255
255 152   0   0   1   3   3   3   3   3   3   1   0   0 152 255
255 152   0   0   0   0   0   0   0   0   0   0   0   0 152 255
255 152   0   0   0   0   0   0   0   0   0   0   0   0 152 255
255 214 152 152 152 152 152 152 152 152 152 152 152 152 214 255
255 255 255 255 255 255 255 255 255 255 255 255 255 255 255 255

255 255 255 255 255 255 255 255 255 255 255 255 255 255 255 255
255 214 152 152 152 152 152 152 152 152 152 152 152 152 214 255
255 152   0   0   0   0   0   0   0   0   0   0   0   0 152 255
255 152   0   0   0   0   0   0   0   0   0   0   0   0 152 255
255 152   0   0   1   3   3   3   3   3   3   1   0   0 152 255
255 152   0   0   3   0   0   0   0   0   0   3   0   0 152 255
255 152   0   0   3   0  89 151  78   0   0   3   0   0 152 255
255 152   0   0   3   0  72 191 196  78   0   3   0   0 152 255
255 152   0   0   3   0   0 134 196  78   0   3   0   0 152 255
255 152   0   0   3   0   0  79  78   0   0   3   0   0 152 255
255 152   0   0   3   0   0   0   0   0   0   3   0   0 152 255
255 152   0   0   1   3   3   3   3   3   3   1   0   0 152 255
255 152   0   0   0   0   0   0   0   0   0   0   0   0 152 255
255 152   0   0   0   0   0   0   0   0   0   0   0   0 152 255
255 214 152 152 152 152 152 152 152 152 152 152 152 152 214 255
255 255 255 255 255 255 255 255 255 255 255 255 255 255 255 255
255 255 255 255 255 255 255 255 255 255 255 255 255 255 255 255
255 214 152 152 152 152 152 152 152 152 152 152 152 152 214 255
255 152   0   0   0   0   0   0   0   0   0   0   0   0 152 255
255 152   0   0   0   0   0   0   0   0   0   0   0   0 152 255
255 152   0   0   1   3   3   3   3   3   3   1   0   0 152 255
255 152   0   0   3   0   0   0   0   0   0   3   0   0 152 255
255 152   0   0   3   0  89 151  78   0   0   3   0   0 152 255
255 152   0   0   3   0  72 191 196  78   0   3   0   0 152 255
255 152   0   0   3   0   0 134 196  78   0   3   0   0 152 255
255 152   0   0   3   0   0  79  78   0   0   3   0   0 152 255
255 152   0   0   3   0   0   0   0   0   0   3   0   0 152 255
255 152   0   0   1   3   3   3   3   3   3   1   0   0 152 255
255 152   0   0   0   0   0   0   0   0   0   0   0   0 152 255
255 152   0   0   0   0   0   0   0   0   0   0   0   0 152 255
255 214 152 152 152 152 152 152 152 152 152 152 152 152 214 255
255 255 255 255 255 255 255 255 255 255 255 255 255 255 255 255
255 255 255 255 255 255 255 255 255 255 255 255 255 255 255 255
255 214 152 152 152 152 152 152 152 152 152 152 152 152 214 255
255 152   0   0   0   0   0   0   0   0   0   0   0   0 152 255
255 152   0   0   0   0   0   0   0   0   0   0   0   0 152 255
255 152   0   0   1   3   3   3   3   3   3   1   0   0 152 255
255 152   0   0   3   0   0   0   0   0   0   3   0   0 152 255
255 152   0   0   3   0  89 151  78   0   0   3   0   0 152 255
255 152   0   0   3   0  72 191 196  78   0   3   0   0 152 255
255 152   0   0   3   0   0 134 196  78   0   3   0   0 152 255
255 152   0   0   3   0   0  79  78   0   0   3   0   0 152 255
255 152   0   0   3   0   0   0   0   0   0   3   0   0 152 255
255 152   0   0   1   3   3   3   3   3   3   1   0   0 152 255
255 152   0   0   0   0   0   0   0   0   0   0   0   0 152 255
255 152   0   0   0   0   0   0   0   0   0   0   0   0 152 255
255 214 152 152 152 152 152 152 152 152 152 152 152 152 214 255
255 255 255 255 255 255 255 255 255 255 255 255 255 255 255 255

255 255 255 255 255 255 255 255 255 255 255 255 255 255 255 255
255 214 152 152 152 152 152 152 152 152 152 152 152 152 214 255
255 152   0   0   0   0   0   0   0   0   0   0   0   0 152 255
255 152   0   0   0   0   0   0   0   0   0   0   0   0 152 255
255 152   0   0   1   3   3   3   3   3   3   1   0   0 152 255
255 152   0   0   3   0   0   0   0   0   0   3   0   0 152 255
255 152   0   0   3   0   0  78  78   0   0   3   0   0 152 255
255 152   0   0   3   0  78 196 196  78   0   3   0   0 152 255
255 152   0   0   3   0 151 191 134  79   0   3   0   0 152 255
255 152   0   0   3   0  89  72   0   0   0   3   0   0 152 255
255 152   0   0   3   0   0   0   0   0   0   3   0   0 152 255
255 152   0   0   1   3   3   3   3   3   3   1   0   0 152 255
255 152   0   0   0   0   0   0   0   0   0   0   0   0 152 255
255 152   0   0   0   0   0   0   0   0   0   0   0   0 152 255
255 214 152 152 152 152 152 152 152 152 152 152 152 152 214 255
255 255 255 255 255 255 255 255 255 255 255 255 255 255 255 255
255 255 255 255 255 255 255 255 255 255 255 255 255 255 255 255
255 214 152 152 152 152 152 152 152 152 152 152 152 152 214 255
255 152   0   0   0   0   0   0   0   0   0   0   0   0 152 255
255 152   0   0   0   0   0   0   0   0   0   0   0   0 152 255
255 152   0   0   1   3   3   3   3   3   3   1   0   0 152 255
255 152   0   0   3   0   0   0   0   0   0   3   0   0 152 255
255 152   0   0   3   0   0  78  78   0   0   3   0   0 152 255
255 152   0   0   3   0  78 196 196  78   0   3   0   0 152 255
255 152   0   0   3   0 151 191 134  79   0   3   0   0 152 255
255 152   0   0   3   0  89  72   0   0   0   3   0   0 152 255
255 152   0   0   3   0   0   0   0   0   0   3   0   0 152 255
255 152   0   0   1   3   3   3   3   3   3   1   0   0 152 255
255 152   0   0   0   0   0   0   0   0   0   0   0   0 152 255
255 152   0   0   0   0   0   0   0   0   0   0   0   0 152 255
255 214 152 152 152 152 152 152 152 152 152 152 152 152 214 255
255 255 255 255 255 255 255 255 255 255 255 255 255 255 255 255
255 255 255 255 255 255 255 255 255 255 255 255 255 255 255 255
255 214 152 152 152 152 152 152 152 152 152 152 152 152 214 255
255 152   0   0   0   0   0   0   0   0   0   0   0   0 152 255
255 152   0   0   0   0   0   0   0   0   0   0   0   0 152 255
255 152   0   0   1   3   3   3   3   3   3   1   0   0 152 255
255 152   0   0   3   0   0   0   0   0   0   3   0   0 152 255
255 152   0   0   3   0   0  78  78   0   0   3   0   0 152 255
255 152   0   0   3   0  78 196 196  78   0   3   0   0 152 255
255 152   0   0   3   0 151 191 134  79   0   3   0   0 152 255
255 152   0   0   3   0  89  72   0   0   0   3   0   0 152 255
255 152   0   0   3   0   0   0   0   0   0   3   0   0 152 255
255 152   0   0   1   3   3   3   3   3   3   1   0   0 152 255
255 152   0   0   0   0   0   0   0   0   0   0   0   0 152 255
255 152   0   0   0   0   0   0   0   0   0   0   0   0 152 255
255 214 152 152 152 152 152 152 152 152 152 152 152 152 214 255
255 255 255 255 255 255 255 255 255 255 255 255 255 255 255 255
